0 1142 1162 884 904
1 302 322 757 777
2 1150 1170 1510 1530
3 991 1011 299 319
4 1269 1289 1018 1038
5 270 290 1441 1461
6 1906 1926 221 241
7 1120 1140 1212 1232
8 1655 1675 923 943
9 620 640 1438 1458
10 330 350 478 498
11 931 951 1716 1736
12 640 660 1530 1550
13 1472 1492 1124 1144
14 1411 1431 870 890
15 1308 1328 1504 1524
16 699 719 1429 1449
17 1330 1350 1277 1297
18 547 567 1561 1581
19 575 595 1049 1069
20 1464 1484 1320 1340
21 126 146 767 787
22 590 610 1950 1970
23 570 590 1645 1665
24 1255 1275 758 778
25 1849 1869 164 184
26 1987 2007 671 691
27 1287 1307 659 679
28 1352 1372 836 856
29 249 269 627 647
30 1361 1381 1378 1398
31 668 688 262 282
32 1090 1110 1437 1457
33 583 603 1598 1618
34 722 742 1814 1834
35 752 772 958 978
36 908 928 1187 1207
37 928 948 1224 1244
38 7 27 738 758
39 39 59 846 866
40 256 276 1203 1223
41 1917 1937 1079 1099
42 387 407 282 302
43 755 775 1888 1908
44 1559 1579 1462 1482
45 32 52 451 471
46 1196 1216 1094 1114
47 1440 1460 36 56
48 1996 2016 939 959
49 1387 1407 1186 1206
50 887 907 423 443
51 33 53 1375 1395
52 1228 1248 1847 1867
53 1043 1063 1474 1494
54 1505 1525 729 749
55 370 390 1634 1654
56 1072 1092 1322 1342
57 107 127 1376 1396
58 1601 1621 1612 1632
59 1859 1879 1831 1851
60 458 478 1218 1238
61 364 384 1454 1474
62 1840 1860 1044 1064
63 1986 2006 575 595
64 34 54 683 703
65 1928 1948 362 382
66 1633 1653 607 627
67 686 706 879 899
68 516 536 1689 1709
69 451 471 367 387
70 762 782 776 796
71 611 631 1911 1931
72 614 634 1836 1856
73 867 887 220 240
74 1040 1060 1297 1317
75 1548 1568 1356 1376
76 1666 1686 217 237
77 270 290 1617 1637
78 1818 1838 1637 1657
79 1326 1346 684 704
80 617 637 514 534
81 659 679 1488 1508
82 1388 1408 687 707
83 1963 1983 266 286
84 114 134 1382 1402
85 462 482 232 252
86 1159 1179 1499 1519
87 1183 1203 292 312
88 1270 1290 263 283
89 1302 1322 737 757
90 1452 1472 1627 1647
91 1732 1752 1631 1651
92 149 169 588 608
93 125 145 377 397
94 1098 1118 216 236
95 1376 1396 706 726
96 1339 1359 695 715
97 77 97 582 602
98 740 760 1490 1510
99 1644 1664 1708 1728
100 1845 1865 1989 2009
101 1032 1052 1267 1287
102 1733 1753 975 995
103 1304 1324 1871 1891
104 1712 1732 191 211
105 1585 1605 1765 1785
106 605 625 162 182
107 97 117 249 269
108 1860 1880 23 43
109 1218 1238 1591 1611
110 1000 1020 1825 1845
111 1917 1937 769 789
112 610 630 1050 1070
113 1308 1328 1405 1425
114 1530 1550 1138 1158
115 471 491 1642 1662
116 352 372 753 773
117 950 970 1836 1856
118 1140 1160 113 133
119 1386 1406 166 186
120 1578 1598 1926 1946
121 415 435 191 211
122 716 736 679 699
123 1802 1822 937 957
124 1471 1491 1261 1281
125 1472 1492 1291 1311
126 840 860 419 439
127 199 219 96 116
128 1341 1361 1269 1289
129 460 480 715 735
130 1766 1786 1098 1118
131 555 575 542 562
132 460 480 524 544
133 682 702 1702 1722
134 1253 1273 557 577
135 1120 1140 1353 1373
136 639 659 29 49
137 1461 1481 1558 1578
138 992 1012 849 869
139 1492 1512 1454 1474
140 1104 1124 820 840
141 188 208 382 402
142 171 191 1138 1158
143 340 360 1401 1421
144 888 908 176 196
145 140 160 491 511
146 1965 1985 279 299
147 1381 1401 821 841
148 1646 1666 856 876
149 1115 1135 210 230
150 1853 1873 46 66
151 1176 1196 1029 1049
152 403 423 1414 1434
153 385 405 1433 1453
154 1918 1938 293 313
155 71 91 1353 1373
156 1149 1169 361 381
157 218 238 1772 1792
158 1548 1568 435 455
159 1338 1358 207 227
160 59 79 335 355
161 97 117 108 128
162 1893 1913 1469 1489
163 1955 1975 771 791
164 1494 1514 633 653
165 13 33 1146 1166
166 1425 1445 324 344
167 1430 1450 1551 1571
168 1149 1169 41 61
169 242 262 790 810
170 373 393 254 274
171 800 820 412 432
172 1425 1445 76 96
173 224 244 1940 1960
174 697 717 1939 1959
175 101 121 1169 1189
176 1025 1045 1993 2013
177 1571 1591 1640 1660
178 1600 1620 997 1017
179 239 259 816 836
180 1886 1906 1154 1174
181 1100 1120 728 748
182 78 98 236 256
183 1654 1674 480 500
184 1284 1304 1242 1262
185 1241 1261 212 232
186 489 509 710 730
187 1704 1724 806 826
188 790 810 1830 1850
189 770 790 621 641
190 1796 1816 1515 1535
191 1907 1927 1114 1134
192 1212 1232 690 710
193 1053 1073 1886 1906
194 776 796 710 730
195 1472 1492 1634 1654
196 577 597 1296 1316
197 706 726 1328 1348
198 1261 1281 721 741
199 135 155 1633 1653
